00000000000000001111110100100000
00000000000000000000000000000001
00000000000000000000000000100010
00000000000000001110000000000011
00000000000000001110000000000100
00000000000000000110000001000011
00000000000000001000000001000011
00000000000000001110100001100100
00000000000000001110000001000101
00000000000000001111000010000101
00000000000000001110010010100001
00000000000000000110000001000000
00000000000000001000000101000010
00000000000000001010000000000000
00000000000000001111110011000100
00000000000000001111110101000001
00000000000000001111110101100000

